Top RA Calibration Results:
15×5 DataFrame
 Row │ beta     wc_par_asymm  avgSpread  DebtGDP     loss
     │ Float64  Float64       Float64    Float64     Float64
─────┼─────────────────────────────────────────────────────────
   1 │    0.92          0.69    513.609   0.645748     31.4924
   2 │    0.92          0.72    525.24    0.58497      39.835
   3 │    0.96          0.79    523.358  -0.288477     79.5963
   4 │    0.94          0.75    509.729   0.29215      89.873
   5 │    0.93          0.74    534.702   0.450227    246.699
   6 │    0.92          0.7     536.09    0.621995    293.794
   7 │    0.91          0.69    501.303   0.709003    317.984
   8 │    0.95          0.8     544.821  -0.0855755   699.832
   9 │    0.93          0.69    492.05    0.605006    727.638
  10 │    0.94          0.76    547.5     0.260291    817.532
  11 │    0.95          0.78    488.013  -0.0298659   987.206
  12 │    0.96          0.77    480.206  -0.275691   1563.64
  13 │    0.94          0.74    474.969   0.315162   1941.83
  14 │    0.9           0.68    564.002   0.78395    2033.81
  15 │    0.95          0.77    470.203  -0.0219945  2407.37