Top RA Calibration Results:
15×5 DataFrame
 Row │ beta     wc_par_asymm  avgSpread  DebtGDP   loss
     │ Float64  Float64       Float64    Float64   Float64
─────┼───────────────────────────────────────────────────────
   1 │    0.88          0.68    516.257  0.673701    10.8997
   2 │    0.89          0.73    513.589  0.451482    29.4291
   3 │    0.85          0.72    510.829  0.67087     70.0294
   4 │    0.87          0.77    528.164  0.355548    85.7789
   5 │    0.83          0.7     500.916  0.732554   332.924
   6 │    0.8           0.76    499.111  0.663439   398.588
   7 │    0.91          0.76    496.316  0.314496   517.626
   8 │    0.87          0.8     542.685  0.326877   563.64
   9 │    0.9           0.76    546.224  0.338298   743.446
  10 │    0.86          0.8     490.741  0.328194   801.168
  11 │    0.85          0.8     548.439  0.427021   867.068
  12 │    0.81          0.76    551.563  0.730925  1066.14
  13 │    0.91          0.78    486.1    0.261761  1087.64
  14 │    0.82          0.76    555.343  0.572334  1321.51
  15 │    0.85          0.7     482.666  0.774964  1328.25